x:  [[[0.04255319]
  [0.0212766 ]
  [0.        ]]

 [[0.0212766 ]
  [0.        ]
  [0.06382979]]

 [[0.        ]
  [0.06382979]
  [0.04255319]]

 [[0.06382979]
  [0.04255319]
  [0.08510638]]

 [[0.04255319]
  [0.08510638]
  [0.0212766 ]]

 [[0.08510638]
  [0.0212766 ]
  [0.08510638]]

 [[0.0212766 ]
  [0.08510638]
  [0.08510638]]

 [[0.08510638]
  [0.08510638]
  [0.06382979]]

 [[0.08510638]
  [0.06382979]
  [0.14893617]]

 [[0.06382979]
  [0.14893617]
  [0.17021277]]

 [[0.14893617]
  [0.17021277]
  [0.14893617]]

 [[0.17021277]
  [0.14893617]
  [0.06382979]]

 [[0.14893617]
  [0.06382979]
  [0.04255319]]

 [[0.06382979]
  [0.04255319]
  [0.        ]]

 [[0.04255319]
  [0.        ]
  [0.0212766 ]]

 [[0.        ]
  [0.0212766 ]
  [0.        ]]

 [[0.0212766 ]
  [0.        ]
  [0.06382979]]

 [[0.        ]
  [0.06382979]
  [0.        ]]

 [[0.06382979]
  [0.        ]
  [0.04255319]]

 [[0.        ]
  [0.04255319]
  [0.        ]]

 [[0.04255319]
  [0.        ]
  [0.08510638]]

 [[0.        ]
  [0.08510638]
  [0.0212766 ]]

 [[0.08510638]
  [0.0212766 ]
  [0.0212766 ]]

 [[0.0212766 ]
  [0.0212766 ]
  [0.        ]]

 [[0.0212766 ]
  [0.        ]
  [0.        ]]

 [[0.        ]
  [0.        ]
  [0.04255319]]

 [[0.        ]
  [0.04255319]
  [0.        ]]

 [[0.04255319]
  [0.        ]
  [0.0212766 ]]

 [[0.        ]
  [0.0212766 ]
  [0.        ]]

 [[0.0212766 ]
  [0.        ]
  [0.        ]]

 [[0.        ]
  [0.        ]
  [0.0212766 ]]

 [[0.        ]
  [0.0212766 ]
  [0.        ]]

 [[0.0212766 ]
  [0.        ]
  [0.        ]]

 [[0.        ]
  [0.        ]
  [0.        ]]

 [[0.        ]
  [0.        ]
  [0.        ]]

 [[0.        ]
  [0.        ]
  [0.        ]]

 [[0.        ]
  [0.        ]
  [0.        ]]

 [[0.        ]
  [0.        ]
  [0.        ]]

 [[0.        ]
  [0.        ]
  [0.        ]]

 [[0.        ]
  [0.        ]
  [0.        ]]

 [[0.        ]
  [0.        ]
  [0.        ]]

 [[0.        ]
  [0.        ]
  [0.        ]]

 [[0.        ]
  [0.        ]
  [0.        ]]

 [[0.        ]
  [0.        ]
  [0.        ]]

 [[0.        ]
  [0.        ]
  [0.        ]]

 [[0.        ]
  [0.        ]
  [0.        ]]

 [[0.        ]
  [0.        ]
  [0.        ]]

 [[0.        ]
  [0.        ]
  [0.        ]]

 [[0.        ]
  [0.        ]
  [0.0212766 ]]

 [[0.        ]
  [0.0212766 ]
  [0.        ]]

 [[0.0212766 ]
  [0.        ]
  [0.        ]]

 [[0.        ]
  [0.        ]
  [0.        ]]

 [[0.        ]
  [0.        ]
  [0.        ]]

 [[0.        ]
  [0.        ]
  [0.        ]]

 [[0.        ]
  [0.        ]
  [0.        ]]

 [[0.        ]
  [0.        ]
  [0.        ]]

 [[0.        ]
  [0.        ]
  [0.        ]]

 [[0.        ]
  [0.        ]
  [0.        ]]

 [[0.        ]
  [0.        ]
  [0.        ]]

 [[0.        ]
  [0.        ]
  [0.        ]]

 [[0.        ]
  [0.        ]
  [0.        ]]

 [[0.        ]
  [0.        ]
  [0.        ]]

 [[0.        ]
  [0.        ]
  [0.08510638]]

 [[0.        ]
  [0.08510638]
  [0.04255319]]

 [[0.08510638]
  [0.04255319]
  [0.0212766 ]]

 [[0.04255319]
  [0.0212766 ]
  [0.        ]]

 [[0.0212766 ]
  [0.        ]
  [0.0212766 ]]

 [[0.        ]
  [0.0212766 ]
  [0.0212766 ]]

 [[0.0212766 ]
  [0.0212766 ]
  [0.        ]]

 [[0.0212766 ]
  [0.        ]
  [0.        ]]

 [[0.        ]
  [0.        ]
  [0.        ]]

 [[0.        ]
  [0.        ]
  [0.        ]]

 [[0.        ]
  [0.        ]
  [0.        ]]

 [[0.        ]
  [0.        ]
  [0.        ]]

 [[0.        ]
  [0.        ]
  [0.        ]]

 [[0.        ]
  [0.        ]
  [0.        ]]

 [[0.        ]
  [0.        ]
  [0.        ]]

 [[0.        ]
  [0.        ]
  [0.        ]]

 [[0.        ]
  [0.        ]
  [0.        ]]

 [[0.        ]
  [0.        ]
  [0.        ]]

 [[0.        ]
  [0.        ]
  [0.        ]]

 [[0.        ]
  [0.        ]
  [0.0212766 ]]

 [[0.        ]
  [0.0212766 ]
  [0.59574468]]

 [[0.0212766 ]
  [0.59574468]
  [0.68085106]]

 [[0.59574468]
  [0.68085106]
  [0.68085106]]

 [[0.68085106]
  [0.68085106]
  [0.78723404]]

 [[0.68085106]
  [0.78723404]
  [0.57446809]]

 [[0.78723404]
  [0.57446809]
  [0.59574468]]

 [[0.57446809]
  [0.59574468]
  [0.61702128]]

 [[0.59574468]
  [0.61702128]
  [0.68085106]]

 [[0.61702128]
  [0.68085106]
  [0.53191489]]

 [[0.68085106]
  [0.53191489]
  [0.53191489]]

 [[0.53191489]
  [0.53191489]
  [0.65957447]]

 [[0.53191489]
  [0.65957447]
  [0.76595745]]

 [[0.65957447]
  [0.76595745]
  [0.80851064]]

 [[0.76595745]
  [0.80851064]
  [0.68085106]]

 [[0.80851064]
  [0.68085106]
  [0.72340426]]

 [[0.68085106]
  [0.72340426]
  [0.61702128]]

 [[0.72340426]
  [0.61702128]
  [0.68085106]]

 [[0.61702128]
  [0.68085106]
  [0.74468085]]

 [[0.68085106]
  [0.74468085]
  [0.70212766]]

 [[0.74468085]
  [0.70212766]
  [0.74468085]]

 [[0.70212766]
  [0.74468085]
  [0.74468085]]

 [[0.74468085]
  [0.74468085]
  [0.70212766]]

 [[0.74468085]
  [0.70212766]
  [0.80851064]]

 [[0.70212766]
  [0.80851064]
  [0.72340426]]

 [[0.80851064]
  [0.72340426]
  [0.74468085]]

 [[0.72340426]
  [0.74468085]
  [0.68085106]]

 [[0.74468085]
  [0.68085106]
  [0.89361702]]

 [[0.68085106]
  [0.89361702]
  [0.91489362]]

 [[0.89361702]
  [0.91489362]
  [0.87234043]]

 [[0.91489362]
  [0.87234043]
  [0.65957447]]

 [[0.87234043]
  [0.65957447]
  [0.78723404]]

 [[0.65957447]
  [0.78723404]
  [0.85106383]]

 [[0.78723404]
  [0.85106383]
  [0.80851064]]

 [[0.85106383]
  [0.80851064]
  [0.93617021]]

 [[0.80851064]
  [0.93617021]
  [0.78723404]]

 [[0.93617021]
  [0.78723404]
  [0.65957447]]

 [[0.78723404]
  [0.65957447]
  [0.87234043]]

 [[0.65957447]
  [0.87234043]
  [0.87234043]]

 [[0.87234043]
  [0.87234043]
  [0.91489362]]

 [[0.87234043]
  [0.91489362]
  [0.85106383]]

 [[0.91489362]
  [0.85106383]
  [0.93617021]]

 [[0.85106383]
  [0.93617021]
  [0.80851064]]

 [[0.93617021]
  [0.80851064]
  [0.72340426]]

 [[0.80851064]
  [0.72340426]
  [0.85106383]]

 [[0.72340426]
  [0.85106383]
  [0.82978723]]

 [[0.85106383]
  [0.82978723]
  [0.68085106]]

 [[0.82978723]
  [0.68085106]
  [0.70212766]]

 [[0.68085106]
  [0.70212766]
  [0.82978723]]

 [[0.70212766]
  [0.82978723]
  [0.82978723]]

 [[0.82978723]
  [0.82978723]
  [0.80851064]]

 [[0.82978723]
  [0.80851064]
  [0.87234043]]

 [[0.80851064]
  [0.87234043]
  [0.91489362]]

 [[0.87234043]
  [0.91489362]
  [0.85106383]]

 [[0.91489362]
  [0.85106383]
  [0.76595745]]

 [[0.85106383]
  [0.76595745]
  [0.91489362]]

 [[0.76595745]
  [0.91489362]
  [0.87234043]]

 [[0.91489362]
  [0.87234043]
  [0.82978723]]

 [[0.87234043]
  [0.82978723]
  [0.80851064]]

 [[0.82978723]
  [0.80851064]
  [0.87234043]]

 [[0.80851064]
  [0.87234043]
  [0.87234043]]

 [[0.87234043]
  [0.87234043]
  [0.87234043]]

 [[0.87234043]
  [0.87234043]
  [0.78723404]]

 [[0.87234043]
  [0.78723404]
  [0.72340426]]

 [[0.78723404]
  [0.72340426]
  [0.93617021]]

 [[0.72340426]
  [0.93617021]
  [0.78723404]]

 [[0.93617021]
  [0.78723404]
  [0.80851064]]

 [[0.78723404]
  [0.80851064]
  [0.85106383]]

 [[0.80851064]
  [0.85106383]
  [0.76595745]]

 [[0.85106383]
  [0.76595745]
  [0.80851064]]

 [[0.76595745]
  [0.80851064]
  [0.85106383]]

 [[0.80851064]
  [0.85106383]
  [0.76595745]]

 [[0.85106383]
  [0.76595745]
  [0.85106383]]

 [[0.76595745]
  [0.85106383]
  [0.89361702]]

 [[0.85106383]
  [0.89361702]
  [0.91489362]]

 [[0.89361702]
  [0.91489362]
  [0.82978723]]

 [[0.91489362]
  [0.82978723]
  [0.87234043]]

 [[0.82978723]
  [0.87234043]
  [0.72340426]]

 [[0.87234043]
  [0.72340426]
  [0.93617021]]

 [[0.72340426]
  [0.93617021]
  [0.89361702]]

 [[0.93617021]
  [0.89361702]
  [1.        ]]

 [[0.89361702]
  [1.        ]
  [0.80851064]]

 [[1.        ]
  [0.80851064]
  [0.85106383]]

 [[0.80851064]
  [0.85106383]
  [0.70212766]]

 [[0.85106383]
  [0.70212766]
  [0.76595745]]

 [[0.70212766]
  [0.76595745]
  [0.87234043]]

 [[0.76595745]
  [0.87234043]
  [0.80851064]]

 [[0.87234043]
  [0.80851064]
  [0.70212766]]

 [[0.80851064]
  [0.70212766]
  [0.76595745]]

 [[0.70212766]
  [0.76595745]
  [0.76595745]]

 [[0.76595745]
  [0.76595745]
  [0.74468085]]

 [[0.76595745]
  [0.74468085]
  [0.70212766]]

 [[0.74468085]
  [0.70212766]
  [0.68085106]]

 [[0.70212766]
  [0.68085106]
  [0.89361702]]

 [[0.68085106]
  [0.89361702]
  [0.70212766]]

 [[0.89361702]
  [0.70212766]
  [0.74468085]]

 [[0.70212766]
  [0.74468085]
  [0.74468085]]

 [[0.74468085]
  [0.74468085]
  [0.80851064]]

 [[0.74468085]
  [0.80851064]
  [0.82978723]]

 [[0.80851064]
  [0.82978723]
  [0.55319149]]

 [[0.82978723]
  [0.55319149]
  [0.65957447]]

 [[0.55319149]
  [0.65957447]
  [0.89361702]]

 [[0.65957447]
  [0.89361702]
  [0.78723404]]

 [[0.89361702]
  [0.78723404]
  [0.74468085]]

 [[0.78723404]
  [0.74468085]
  [0.78723404]]

 [[0.74468085]
  [0.78723404]
  [0.78723404]]

 [[0.78723404]
  [0.78723404]
  [0.78723404]]

 [[0.78723404]
  [0.78723404]
  [0.93617021]]]  y:  [[0.06382979]
 [0.04255319]
 [0.08510638]
 [0.0212766 ]
 [0.08510638]
 [0.08510638]
 [0.06382979]
 [0.14893617]
 [0.17021277]
 [0.14893617]
 [0.06382979]
 [0.04255319]
 [0.        ]
 [0.0212766 ]
 [0.        ]
 [0.06382979]
 [0.        ]
 [0.04255319]
 [0.        ]
 [0.08510638]
 [0.0212766 ]
 [0.0212766 ]
 [0.        ]
 [0.        ]
 [0.04255319]
 [0.        ]
 [0.0212766 ]
 [0.        ]
 [0.        ]
 [0.0212766 ]
 [0.        ]
 [0.        ]
 [0.        ]
 [0.        ]
 [0.        ]
 [0.        ]
 [0.        ]
 [0.        ]
 [0.        ]
 [0.        ]
 [0.        ]
 [0.        ]
 [0.        ]
 [0.        ]
 [0.        ]
 [0.        ]
 [0.        ]
 [0.0212766 ]
 [0.        ]
 [0.        ]
 [0.        ]
 [0.        ]
 [0.        ]
 [0.        ]
 [0.        ]
 [0.        ]
 [0.        ]
 [0.        ]
 [0.        ]
 [0.        ]
 [0.        ]
 [0.08510638]
 [0.04255319]
 [0.0212766 ]
 [0.        ]
 [0.0212766 ]
 [0.0212766 ]
 [0.        ]
 [0.        ]
 [0.        ]
 [0.        ]
 [0.        ]
 [0.        ]
 [0.        ]
 [0.        ]
 [0.        ]
 [0.        ]
 [0.        ]
 [0.        ]
 [0.        ]
 [0.0212766 ]
 [0.59574468]
 [0.68085106]
 [0.68085106]
 [0.78723404]
 [0.57446809]
 [0.59574468]
 [0.61702128]
 [0.68085106]
 [0.53191489]
 [0.53191489]
 [0.65957447]
 [0.76595745]
 [0.80851064]
 [0.68085106]
 [0.72340426]
 [0.61702128]
 [0.68085106]
 [0.74468085]
 [0.70212766]
 [0.74468085]
 [0.74468085]
 [0.70212766]
 [0.80851064]
 [0.72340426]
 [0.74468085]
 [0.68085106]
 [0.89361702]
 [0.91489362]
 [0.87234043]
 [0.65957447]
 [0.78723404]
 [0.85106383]
 [0.80851064]
 [0.93617021]
 [0.78723404]
 [0.65957447]
 [0.87234043]
 [0.87234043]
 [0.91489362]
 [0.85106383]
 [0.93617021]
 [0.80851064]
 [0.72340426]
 [0.85106383]
 [0.82978723]
 [0.68085106]
 [0.70212766]
 [0.82978723]
 [0.82978723]
 [0.80851064]
 [0.87234043]
 [0.91489362]
 [0.85106383]
 [0.76595745]
 [0.91489362]
 [0.87234043]
 [0.82978723]
 [0.80851064]
 [0.87234043]
 [0.87234043]
 [0.87234043]
 [0.78723404]
 [0.72340426]
 [0.93617021]
 [0.78723404]
 [0.80851064]
 [0.85106383]
 [0.76595745]
 [0.80851064]
 [0.85106383]
 [0.76595745]
 [0.85106383]
 [0.89361702]
 [0.91489362]
 [0.82978723]
 [0.87234043]
 [0.72340426]
 [0.93617021]
 [0.89361702]
 [1.        ]
 [0.80851064]
 [0.85106383]
 [0.70212766]
 [0.76595745]
 [0.87234043]
 [0.80851064]
 [0.70212766]
 [0.76595745]
 [0.76595745]
 [0.74468085]
 [0.70212766]
 [0.68085106]
 [0.89361702]
 [0.70212766]
 [0.74468085]
 [0.74468085]
 [0.80851064]
 [0.82978723]
 [0.55319149]
 [0.65957447]
 [0.89361702]
 [0.78723404]
 [0.74468085]
 [0.78723404]
 [0.78723404]
 [0.78723404]
 [0.93617021]
 [0.78723404]]
X_train:  [[[0.78723404]
  [0.80851064]
  [0.85106383]]

 [[0.78723404]
  [0.72340426]
  [0.93617021]]

 [[0.        ]
  [0.        ]
  [0.        ]]

 [[0.72340426]
  [0.85106383]
  [0.82978723]]

 [[0.        ]
  [0.        ]
  [0.        ]]

 [[0.80851064]
  [0.70212766]
  [0.76595745]]

 [[0.        ]
  [0.        ]
  [0.        ]]

 [[0.65957447]
  [0.87234043]
  [0.87234043]]

 [[0.80851064]
  [0.68085106]
  [0.72340426]]

 [[0.80851064]
  [0.87234043]
  [0.87234043]]

 [[0.82978723]
  [0.55319149]
  [0.65957447]]

 [[0.85106383]
  [0.76595745]
  [0.80851064]]

 [[0.70212766]
  [0.76595745]
  [0.87234043]]

 [[0.87234043]
  [0.80851064]
  [0.70212766]]

 [[0.89361702]
  [0.78723404]
  [0.74468085]]

 [[0.        ]
  [0.        ]
  [0.        ]]

 [[0.        ]
  [0.        ]
  [0.        ]]

 [[0.        ]
  [0.        ]
  [0.        ]]

 [[0.65957447]
  [0.76595745]
  [0.80851064]]

 [[0.82978723]
  [0.82978723]
  [0.80851064]]

 [[0.78723404]
  [0.65957447]
  [0.87234043]]

 [[0.08510638]
  [0.08510638]
  [0.06382979]]

 [[0.85106383]
  [0.80851064]
  [0.93617021]]

 [[0.        ]
  [0.        ]
  [0.        ]]

 [[0.74468085]
  [0.78723404]
  [0.78723404]]

 [[0.76595745]
  [0.87234043]
  [0.80851064]]

 [[0.0212766 ]
  [0.0212766 ]
  [0.        ]]

 [[0.80851064]
  [0.85106383]
  [0.76595745]]

 [[0.74468085]
  [0.70212766]
  [0.80851064]]

 [[0.        ]
  [0.        ]
  [0.        ]]

 [[0.82978723]
  [0.80851064]
  [0.87234043]]

 [[0.0212766 ]
  [0.        ]
  [0.06382979]]

 [[0.06382979]
  [0.04255319]
  [0.08510638]]

 [[0.89361702]
  [1.        ]
  [0.80851064]]

 [[0.        ]
  [0.        ]
  [0.0212766 ]]

 [[0.17021277]
  [0.14893617]
  [0.06382979]]

 [[0.87234043]
  [0.87234043]
  [0.78723404]]

 [[0.53191489]
  [0.53191489]
  [0.65957447]]

 [[0.78723404]
  [0.78723404]
  [0.93617021]]

 [[0.70212766]
  [0.80851064]
  [0.72340426]]

 [[0.04255319]
  [0.        ]
  [0.08510638]]

 [[0.0212766 ]
  [0.        ]
  [0.        ]]

 [[0.57446809]
  [0.59574468]
  [0.61702128]]

 [[0.        ]
  [0.        ]
  [0.        ]]

 [[0.93617021]
  [0.89361702]
  [1.        ]]

 [[0.        ]
  [0.        ]
  [0.        ]]

 [[0.55319149]
  [0.65957447]
  [0.89361702]]

 [[0.80851064]
  [0.93617021]
  [0.78723404]]

 [[0.76595745]
  [0.80851064]
  [0.68085106]]

 [[0.        ]
  [0.        ]
  [0.        ]]

 [[0.04255319]
  [0.0212766 ]
  [0.        ]]

 [[0.08510638]
  [0.06382979]
  [0.14893617]]

 [[0.        ]
  [0.        ]
  [0.        ]]

 [[0.70212766]
  [0.82978723]
  [0.82978723]]

 [[0.85106383]
  [0.70212766]
  [0.76595745]]

 [[0.70212766]
  [0.76595745]
  [0.76595745]]

 [[0.08510638]
  [0.0212766 ]
  [0.08510638]]

 [[0.74468085]
  [0.70212766]
  [0.68085106]]

 [[0.14893617]
  [0.06382979]
  [0.04255319]]

 [[0.0212766 ]
  [0.        ]
  [0.        ]]

 [[0.74468085]
  [0.68085106]
  [0.89361702]]

 [[0.61702128]
  [0.68085106]
  [0.74468085]]

 [[0.87234043]
  [0.78723404]
  [0.72340426]]

 [[0.91489362]
  [0.87234043]
  [0.65957447]]

 [[0.        ]
  [0.        ]
  [0.0212766 ]]

 [[0.70212766]
  [0.68085106]
  [0.89361702]]

 [[0.87234043]
  [0.91489362]
  [0.85106383]]

 [[0.74468085]
  [0.80851064]
  [0.82978723]]

 [[0.74468085]
  [0.74468085]
  [0.80851064]]

 [[0.80851064]
  [0.72340426]
  [0.74468085]]

 [[0.70212766]
  [0.74468085]
  [0.74468085]]

 [[0.        ]
  [0.0212766 ]
  [0.59574468]]

 [[0.74468085]
  [0.70212766]
  [0.74468085]]

 [[0.        ]
  [0.06382979]
  [0.        ]]

 [[0.93617021]
  [0.78723404]
  [0.65957447]]

 [[0.04255319]
  [0.        ]
  [0.0212766 ]]

 [[0.87234043]
  [0.87234043]
  [0.91489362]]

 [[0.0212766 ]
  [0.        ]
  [0.        ]]

 [[0.        ]
  [0.        ]
  [0.        ]]

 [[0.91489362]
  [0.85106383]
  [0.76595745]]

 [[0.0212766 ]
  [0.59574468]
  [0.68085106]]

 [[0.        ]
  [0.04255319]
  [0.        ]]

 [[0.74468085]
  [0.74468085]
  [0.70212766]]

 [[0.        ]
  [0.        ]
  [0.        ]]

 [[0.89361702]
  [0.91489362]
  [0.87234043]]

 [[0.65957447]
  [0.78723404]
  [0.85106383]]

 [[0.        ]
  [0.        ]
  [0.        ]]

 [[0.78723404]
  [0.74468085]
  [0.78723404]]

 [[0.80851064]
  [0.85106383]
  [0.76595745]]

 [[0.0212766 ]
  [0.        ]
  [0.        ]]

 [[0.        ]
  [0.04255319]
  [0.        ]]

 [[0.76595745]
  [0.85106383]
  [0.89361702]]

 [[0.06382979]
  [0.        ]
  [0.04255319]]

 [[0.85106383]
  [0.76595745]
  [0.91489362]]

 [[0.0212766 ]
  [0.        ]
  [0.0212766 ]]

 [[0.        ]
  [0.        ]
  [0.        ]]

 [[0.        ]
  [0.0212766 ]
  [0.        ]]

 [[0.04255319]
  [0.08510638]
  [0.0212766 ]]

 [[0.06382979]
  [0.14893617]
  [0.17021277]]

 [[0.85106383]
  [0.93617021]
  [0.80851064]]

 [[0.        ]
  [0.        ]
  [0.        ]]

 [[0.08510638]
  [0.0212766 ]
  [0.0212766 ]]

 [[0.04255319]
  [0.        ]
  [0.0212766 ]]

 [[0.68085106]
  [0.74468085]
  [0.70212766]]

 [[0.        ]
  [0.        ]
  [0.        ]]

 [[0.91489362]
  [0.87234043]
  [0.82978723]]

 [[0.        ]
  [0.        ]
  [0.        ]]

 [[0.78723404]
  [0.85106383]
  [0.80851064]]

 [[0.70212766]
  [0.74468085]
  [0.74468085]]

 [[0.        ]
  [0.        ]
  [0.        ]]

 [[0.        ]
  [0.        ]
  [0.        ]]

 [[0.89361702]
  [0.91489362]
  [0.82978723]]

 [[0.72340426]
  [0.93617021]
  [0.89361702]]

 [[0.89361702]
  [0.70212766]
  [0.74468085]]

 [[0.76595745]
  [0.80851064]
  [0.85106383]]

 [[0.        ]
  [0.0212766 ]
  [0.0212766 ]]

 [[0.68085106]
  [0.89361702]
  [0.70212766]]

 [[0.        ]
  [0.        ]
  [0.        ]]

 [[0.91489362]
  [0.85106383]
  [0.93617021]]

 [[0.87234043]
  [0.65957447]
  [0.78723404]]

 [[0.0212766 ]
  [0.        ]
  [0.06382979]]

 [[0.0212766 ]
  [0.0212766 ]
  [0.        ]]

 [[0.87234043]
  [0.87234043]
  [0.87234043]]

 [[0.65957447]
  [0.89361702]
  [0.78723404]]

 [[0.        ]
  [0.        ]
  [0.        ]]

 [[0.04255319]
  [0.0212766 ]
  [0.        ]]

 [[0.80851064]
  [0.87234043]
  [0.91489362]]

 [[1.        ]
  [0.80851064]
  [0.85106383]]

 [[0.85106383]
  [0.89361702]
  [0.91489362]]

 [[0.82978723]
  [0.87234043]
  [0.72340426]]

 [[0.68085106]
  [0.78723404]
  [0.57446809]]

 [[0.59574468]
  [0.61702128]
  [0.68085106]]

 [[0.80851064]
  [0.85106383]
  [0.70212766]]

 [[0.        ]
  [0.        ]
  [0.        ]]

 [[0.87234043]
  [0.91489362]
  [0.85106383]]

 [[0.        ]
  [0.        ]
  [0.        ]]

 [[0.        ]
  [0.06382979]
  [0.04255319]]

 [[0.        ]
  [0.        ]
  [0.        ]]

 [[0.        ]
  [0.08510638]
  [0.04255319]]

 [[0.72340426]
  [0.74468085]
  [0.68085106]]

 [[0.93617021]
  [0.80851064]
  [0.72340426]]

 [[0.06382979]
  [0.04255319]
  [0.        ]]

 [[0.14893617]
  [0.17021277]
  [0.14893617]]

 [[0.85106383]
  [0.76595745]
  [0.85106383]]

 [[0.78723404]
  [0.57446809]
  [0.59574468]]

 [[0.82978723]
  [0.80851064]
  [0.87234043]]

 [[0.72340426]
  [0.93617021]
  [0.78723404]]

 [[0.        ]
  [0.        ]
  [0.        ]]

 [[0.        ]
  [0.        ]
  [0.        ]]

 [[0.78723404]
  [0.78723404]
  [0.78723404]]

 [[0.        ]
  [0.        ]
  [0.        ]]]  y_train:  [[0.76595745]
 [0.78723404]
 [0.        ]
 [0.68085106]
 [0.        ]
 [0.76595745]
 [0.        ]
 [0.91489362]
 [0.61702128]
 [0.87234043]
 [0.89361702]
 [0.85106383]
 [0.80851064]
 [0.76595745]
 [0.78723404]
 [0.        ]
 [0.        ]
 [0.        ]
 [0.68085106]
 [0.87234043]
 [0.87234043]
 [0.14893617]
 [0.78723404]
 [0.        ]
 [0.78723404]
 [0.70212766]
 [0.        ]
 [0.80851064]
 [0.72340426]
 [0.        ]
 [0.91489362]
 [0.04255319]
 [0.0212766 ]
 [0.85106383]
 [0.        ]
 [0.04255319]
 [0.72340426]
 [0.76595745]
 [0.78723404]
 [0.74468085]
 [0.0212766 ]
 [0.0212766 ]
 [0.68085106]
 [0.08510638]
 [0.80851064]
 [0.        ]
 [0.78723404]
 [0.65957447]
 [0.72340426]
 [0.        ]
 [0.0212766 ]
 [0.17021277]
 [0.        ]
 [0.80851064]
 [0.87234043]
 [0.74468085]
 [0.08510638]
 [0.89361702]
 [0.        ]
 [0.        ]
 [0.91489362]
 [0.70212766]
 [0.93617021]
 [0.78723404]
 [0.        ]
 [0.70212766]
 [0.93617021]
 [0.55319149]
 [0.82978723]
 [0.68085106]
 [0.70212766]
 [0.68085106]
 [0.74468085]
 [0.04255319]
 [0.87234043]
 [0.        ]
 [0.85106383]
 [0.        ]
 [0.        ]
 [0.91489362]
 [0.68085106]
 [0.08510638]
 [0.80851064]
 [0.        ]
 [0.65957447]
 [0.80851064]
 [0.        ]
 [0.78723404]
 [0.85106383]
 [0.        ]
 [0.0212766 ]
 [0.91489362]
 [0.        ]
 [0.87234043]
 [0.0212766 ]
 [0.        ]
 [0.        ]
 [0.08510638]
 [0.14893617]
 [0.72340426]
 [0.        ]
 [0.        ]
 [0.        ]
 [0.74468085]
 [0.        ]
 [0.80851064]
 [0.        ]
 [0.93617021]
 [0.80851064]
 [0.        ]
 [0.        ]
 [0.87234043]
 [1.        ]
 [0.74468085]
 [0.76595745]
 [0.        ]
 [0.74468085]
 [0.        ]
 [0.80851064]
 [0.85106383]
 [0.        ]
 [0.        ]
 [0.78723404]
 [0.74468085]
 [0.        ]
 [0.06382979]
 [0.85106383]
 [0.70212766]
 [0.82978723]
 [0.93617021]
 [0.59574468]
 [0.53191489]
 [0.76595745]
 [0.        ]
 [0.76595745]
 [0.0212766 ]
 [0.08510638]
 [0.0212766 ]
 [0.0212766 ]
 [0.89361702]
 [0.85106383]
 [0.0212766 ]
 [0.06382979]
 [0.89361702]
 [0.61702128]
 [0.87234043]
 [0.80851064]
 [0.        ]
 [0.        ]
 [0.93617021]
 [0.        ]]
